  0.00     0.00     0.00  1.00 Maze - 1000x1000
4 2 5 3 1.0 Outside Wall - Ymin = 0
  0  0 0
  50  0 0
  50  0 -50
  0  0 -50
  0.0  -500.0  0.0
4 2 5 3 1.0 Outside Wall - Xmin = 0
  0  50 0
  0  0 0
  0  0 -50
  0  50 -50
  0.0  -500.0  0.0
4 2 5 3 1.0 Outside Wall - Ymin = 0
  50  0 0
  100  0 0
  100  0 -50
  50  0 -50
  0.0  -500.0  0.0
4 2 5 3 1.0 Outside Wall - Ymin = 0
  100  0 0
  150  0 0
  150  0 -50
  100  0 -50
  0.0  -500.0  0.0
4 2 5 3 1.0 Outside Wall - Ymin = 0
  150  0 0
  200  0 0
  200  0 -50
  150  0 -50
  0.0  -500.0  0.0
4 2 5 3 1.0 Outside Wall - Ymin = 0
  200  0 0
  250  0 0
  250  0 -50
  200  0 -50
  0.0  -500.0  0.0
4 2 5 3 1.0 Outside Wall - Ymin = 0
  250  0 0
  300  0 0
  300  0 -50
  250  0 -50
  0.0  -500.0  0.0
4 2 5 3 1.0 Outside Wall - Ymin = 0
  300  0 0
  350  0 0
  350  0 -50
  300  0 -50
  0.0  -500.0  0.0
4 2 5 3 1.0 Outside Wall - Ymin = 0
  350  0 0
  400  0 0
  400  0 -50
  350  0 -50
  0.0  -500.0  0.0
4 2 5 3 1.0 Outside Wall - Ymin = 0
  400  0 0
  450  0 0
  450  0 -50
  400  0 -50
  0.0  -500.0  0.0
4 2 5 3 1.0 Outside Wall - Ymin = 0
  450  0 0
  500  0 0
  500  0 -50
  450  0 -50
  0.0  -500.0  0.0
4 2 5 3 1.0 Outside Wall - Ymin = 0
  500  0 0
  550  0 0
  550  0 -50
  500  0 -50
  0.0  -500.0  0.0
4 2 5 3 1.0 Outside Wall - Ymin = 0
  550  0 0
  600  0 0
  600  0 -50
  550  0 -50
  0.0  -500.0  0.0
4 2 5 3 1.0 Outside Wall - Ymin = 0
  600  0 0
  650  0 0
  650  0 -50
  600  0 -50
  0.0  -500.0  0.0
4 2 5 3 1.0 Outside Wall - Ymin = 0
  650  0 0
  700  0 0
  700  0 -50
  650  0 -50
  0.0  -500.0  0.0
4 2 5 3 1.0 Outside Wall - Ymin = 0
  700  0 0
  750  0 0
  750  0 -50
  700  0 -50
  0.0  -500.0  0.0
4 2 5 3 1.0 Outside Wall - Ymin = 0
  750  0 0
  800  0 0
  800  0 -50
  750  0 -50
  0.0  -500.0  0.0
4 2 5 3 1.0 Outside Wall - Ymin = 0
  800  0 0
  850  0 0
  850  0 -50
  800  0 -50
  0.0  -500.0  0.0
4 2 5 3 1.0 Outside Wall - Ymin = 0
  850  0 0
  900  0 0
  900  0 -50
  850  0 -50
  0.0  -500.0  0.0
4 2 5 3 1.0 Outside Wall - Ymin = 0
  900  0 0
  950  0 0
  950  0 -50
  900  0 -50
  0.0  -500.0  0.0
4 2 5 3 1.0 Outside Wall - Ymin = 0
  950  0 0
  1000  0 0
  1000  0 -50
  950  0 -50
  0.0  -500.0  0.0
4 2 5 3 1.0 Outside Wall - Xmax = 1000
  1000  50 0
  1000  0 0
  1000  0 -50
  1000  50 -50
  0.0  -500.0  0.0
4 2 5 3 1.0 Outside Wall - Xmin = 0
  0  100 0
  0  50 0
  0  50 -50
  0  100 -50
  0.0  -500.0  0.0
4 2 4 3 1.0 Inside Wall - Ymin = 50
  50  50 0
  100  50 0
  100  50 -50
  50  50 -50
  0.0  -500.0  0.0
4 2 4 3 1.0 Inside Wall - Ymax = 100
  50  100 0
  100  100 0
  100  100 -50
  50  100 -50
  0.0  -500.0  0.0
4 2 4 3 1.0 Inside Wall - Xmin = 50
  50  100 0
  50  50 0
  50  50 -50
  50  100 -50
  0.0  -500.0  0.0
4 2 4 3 1.0 Inside Wall - Xmax = 100
  100  100 0
  100  50 0
  100  50 -50
  100  100 -50
  0.0  -500.0  0.0
4 2 4 3 1.0 Inside Wall - Ymin = 50
  100  50 0
  150  50 0
  150  50 -50
  100  50 -50
  0.0  -500.0  0.0
4 2 4 3 1.0 Inside Wall - Ymax = 100
  100  100 0
  150  100 0
  150  100 -50
  100  100 -50
  0.0  -500.0  0.0
4 2 4 3 1.0 Inside Wall - Xmax = 150
  150  100 0
  150  50 0
  150  50 -50
  150  100 -50
  0.0  -500.0  0.0
4 2 4 3 1.0 Inside Wall - Ymin = 50
  150  50 0
  200  50 0
  200  50 -50
  150  50 -50
  0.0  -500.0  0.0
4 2 4 3 1.0 Inside Wall - Ymax = 100
  150  100 0
  200  100 0
  200  100 -50
  150  100 -50
  0.0  -500.0  0.0
4 2 4 3 1.0 Inside Wall - Xmax = 200
  200  100 0
  200  50 0
  200  50 -50
  200  100 -50
  0.0  -500.0  0.0
4 2 4 3 1.0 Inside Wall - Ymin = 50
  200  50 0
  250  50 0
  250  50 -50
  200  50 -50
  0.0  -500.0  0.0
4 2 4 3 1.0 Inside Wall - Ymax = 100
  200  100 0
  250  100 0
  250  100 -50
  200  100 -50
  0.0  -500.0  0.0
4 2 4 3 1.0 Inside Wall - Xmax = 250
  250  100 0
  250  50 0
  250  50 -50
  250  100 -50
  0.0  -500.0  0.0
4 2 4 3 1.0 Inside Wall - Ymin = 50
  250  50 0
  300  50 0
  300  50 -50
  250  50 -50
  0.0  -500.0  0.0
4 2 4 3 1.0 Inside Wall - Ymax = 100
  250  100 0
  300  100 0
  300  100 -50
  250  100 -50
  0.0  -500.0  0.0
4 2 4 3 1.0 Inside Wall - Xmax = 300
  300  100 0
  300  50 0
  300  50 -50
  300  100 -50
  0.0  -500.0  0.0
4 2 4 3 1.0 Inside Wall - Ymin = 50
  300  50 0
  350  50 0
  350  50 -50
  300  50 -50
  0.0  -500.0  0.0
4 2 4 3 1.0 Inside Wall - Ymax = 100
  300  100 0
  350  100 0
  350  100 -50
  300  100 -50
  0.0  -500.0  0.0
4 2 4 3 1.0 Inside Wall - Xmax = 350
  350  100 0
  350  50 0
  350  50 -50
  350  100 -50
  0.0  -500.0  0.0
4 2 4 3 1.0 Inside Wall - Ymin = 50
  350  50 0
  400  50 0
  400  50 -50
  350  50 -50
  0.0  -500.0  0.0
4 2 4 3 1.0 Inside Wall - Ymax = 100
  350  100 0
  400  100 0
  400  100 -50
  350  100 -50
  0.0  -500.0  0.0
4 2 4 3 1.0 Inside Wall - Xmax = 400
  400  100 0
  400  50 0
  400  50 -50
  400  100 -50
  0.0  -500.0  0.0
4 2 4 3 1.0 Inside Wall - Ymin = 50
  400  50 0
  450  50 0
  450  50 -50
  400  50 -50
  0.0  -500.0  0.0
4 2 4 3 1.0 Inside Wall - Ymax = 100
  400  100 0
  450  100 0
  450  100 -50
  400  100 -50
  0.0  -500.0  0.0
4 2 4 3 1.0 Inside Wall - Xmax = 450
  450  100 0
  450  50 0
  450  50 -50
  450  100 -50
  0.0  -500.0  0.0
4 2 4 3 1.0 Inside Wall - Ymin = 50
  450  50 0
  500  50 0
  500  50 -50
  450  50 -50
  0.0  -500.0  0.0
4 2 4 3 1.0 Inside Wall - Ymax = 100
  450  100 0
  500  100 0
  500  100 -50
  450  100 -50
  0.0  -500.0  0.0
4 2 4 3 1.0 Inside Wall - Xmax = 500
  500  100 0
  500  50 0
  500  50 -50
  500  100 -50
  0.0  -500.0  0.0
4 2 4 3 1.0 Inside Wall - Ymin = 50
  500  50 0
  550  50 0
  550  50 -50
  500  50 -50
  0.0  -500.0  0.0
4 2 4 3 1.0 Inside Wall - Ymax = 100
  500  100 0
  550  100 0
  550  100 -50
  500  100 -50
  0.0  -500.0  0.0
4 2 4 3 1.0 Inside Wall - Xmax = 550
  550  100 0
  550  50 0
  550  50 -50
  550  100 -50
  0.0  -500.0  0.0
4 2 4 3 1.0 Inside Wall - Ymin = 50
  550  50 0
  600  50 0
  600  50 -50
  550  50 -50
  0.0  -500.0  0.0
4 2 4 3 1.0 Inside Wall - Ymax = 100
  550  100 0
  600  100 0
  600  100 -50
  550  100 -50
  0.0  -500.0  0.0
4 2 4 3 1.0 Inside Wall - Xmax = 600
  600  100 0
  600  50 0
  600  50 -50
  600  100 -50
  0.0  -500.0  0.0
4 2 4 3 1.0 Inside Wall - Ymin = 50
  600  50 0
  650  50 0
  650  50 -50
  600  50 -50
  0.0  -500.0  0.0
4 2 4 3 1.0 Inside Wall - Ymax = 100
  600  100 0
  650  100 0
  650  100 -50
  600  100 -50
  0.0  -500.0  0.0
4 2 4 3 1.0 Inside Wall - Xmax = 650
  650  100 0
  650  50 0
  650  50 -50
  650  100 -50
  0.0  -500.0  0.0
4 2 4 3 1.0 Inside Wall - Ymin = 50
  650  50 0
  700  50 0
  700  50 -50
  650  50 -50
  0.0  -500.0  0.0
4 2 4 3 1.0 Inside Wall - Ymax = 100
  650  100 0
  700  100 0
  700  100 -50
  650  100 -50
  0.0  -500.0  0.0
4 2 4 3 1.0 Inside Wall - Xmax = 700
  700  100 0
  700  50 0
  700  50 -50
  700  100 -50
  0.0  -500.0  0.0
4 2 4 3 1.0 Inside Wall - Ymin = 50
  700  50 0
  750  50 0
  750  50 -50
  700  50 -50
  0.0  -500.0  0.0
4 2 4 3 1.0 Inside Wall - Ymax = 100
  700  100 0
  750  100 0
  750  100 -50
  700  100 -50
  0.0  -500.0  0.0
4 2 4 3 1.0 Inside Wall - Xmax = 750
  750  100 0
  750  50 0
  750  50 -50
  750  100 -50
  0.0  -500.0  0.0
4 2 4 3 1.0 Inside Wall - Ymin = 50
  750  50 0
  800  50 0
  800  50 -50
  750  50 -50
  0.0  -500.0  0.0
4 2 4 3 1.0 Inside Wall - Ymax = 100
  750  100 0
  800  100 0
  800  100 -50
  750  100 -50
  0.0  -500.0  0.0
4 2 4 3 1.0 Inside Wall - Xmax = 800
  800  100 0
  800  50 0
  800  50 -50
  800  100 -50
  0.0  -500.0  0.0
4 2 4 3 1.0 Inside Wall - Ymin = 50
  800  50 0
  850  50 0
  850  50 -50
  800  50 -50
  0.0  -500.0  0.0
4 2 4 3 1.0 Inside Wall - Ymax = 100
  800  100 0
  850  100 0
  850  100 -50
  800  100 -50
  0.0  -500.0  0.0
4 2 4 3 1.0 Inside Wall - Xmax = 850
  850  100 0
  850  50 0
  850  50 -50
  850  100 -50
  0.0  -500.0  0.0
4 2 4 3 1.0 Inside Wall - Ymin = 50
  850  50 0
  900  50 0
  900  50 -50
  850  50 -50
  0.0  -500.0  0.0
4 2 4 3 1.0 Inside Wall - Ymax = 100
  850  100 0
  900  100 0
  900  100 -50
  850  100 -50
  0.0  -500.0  0.0
4 2 4 3 1.0 Inside Wall - Xmax = 900
  900  100 0
  900  50 0
  900  50 -50
  900  100 -50
  0.0  -500.0  0.0
4 2 4 3 1.0 Inside Wall - Ymin = 50
  900  50 0
  950  50 0
  950  50 -50
  900  50 -50
  0.0  -500.0  0.0
4 2 4 3 1.0 Inside Wall - Ymax = 100
  900  100 0
  950  100 0
  950  100 -50
  900  100 -50
  0.0  -500.0  0.0
4 2 4 3 1.0 Inside Wall - Xmax = 950
  950  100 0
  950  50 0
  950  50 -50
  950  100 -50
  0.0  -500.0  0.0
4 2 5 3 1.0 Outside Wall - Xmax = 1000
  1000  100 0
  1000  50 0
  1000  50 -50
  1000  100 -50
  0.0  -500.0  0.0
4 2 5 3 1.0 Outside Wall - Xmin = 0
  0  150 0
  0  100 0
  0  100 -50
  0  150 -50
  0.0  -500.0  0.0
4 2 4 3 1.0 Inside Wall - Ymax = 150
  50  150 0
  100  150 0
  100  150 -50
  50  150 -50
  0.0  -500.0  0.0
4 2 4 3 1.0 Inside Wall - Xmin = 50
  50  150 0
  50  100 0
  50  100 -50
  50  150 -50
  0.0  -500.0  0.0
4 2 4 3 1.0 Inside Wall - Xmax = 100
  100  150 0
  100  100 0
  100  100 -50
  100  150 -50
  0.0  -500.0  0.0
4 2 4 3 1.0 Inside Wall - Ymax = 150
  100  150 0
  150  150 0
  150  150 -50
  100  150 -50
  0.0  -500.0  0.0
4 2 4 3 1.0 Inside Wall - Xmax = 150
  150  150 0
  150  100 0
  150  100 -50
  150  150 -50
  0.0  -500.0  0.0
4 2 4 3 1.0 Inside Wall - Ymax = 150
  250  150 0
  300  150 0
  300  150 -50
  250  150 -50
  0.0  -500.0  0.0
4 2 4 3 1.0 Inside Wall - Xmin = 250
  250  150 0
  250  100 0
  250  100 -50
  250  150 -50
  0.0  -500.0  0.0
4 2 4 3 1.0 Inside Wall - Xmax = 300
  300  150 0
  300  100 0
  300  100 -50
  300  150 -50
  0.0  -500.0  0.0
4 2 4 3 1.0 Inside Wall - Ymax = 150
  300  150 0
  350  150 0
  350  150 -50
  300  150 -50
  0.0  -500.0  0.0
4 2 4 3 1.0 Inside Wall - Xmax = 350
  350  150 0
  350  100 0
  350  100 -50
  350  150 -50
  0.0  -500.0  0.0
4 2 4 3 1.0 Inside Wall - Ymax = 150
  350  150 0
  400  150 0
  400  150 -50
  350  150 -50
  0.0  -500.0  0.0
4 2 4 3 1.0 Inside Wall - Xmax = 400
  400  150 0
  400  100 0
  400  100 -50
  400  150 -50
  0.0  -500.0  0.0
4 2 4 3 1.0 Inside Wall - Ymax = 150
  450  150 0
  500  150 0
  500  150 -50
  450  150 -50
  0.0  -500.0  0.0
4 2 4 3 1.0 Inside Wall - Xmin = 450
  450  150 0
  450  100 0
  450  100 -50
  450  150 -50
  0.0  -500.0  0.0
4 2 4 3 1.0 Inside Wall - Xmax = 500
  500  150 0
  500  100 0
  500  100 -50
  500  150 -50
  0.0  -500.0  0.0
4 2 4 3 1.0 Inside Wall - Ymax = 150
  550  150 0
  600  150 0
  600  150 -50
  550  150 -50
  0.0  -500.0  0.0
4 2 4 3 1.0 Inside Wall - Xmin = 550
  550  150 0
  550  100 0
  550  100 -50
  550  150 -50
  0.0  -500.0  0.0
4 2 4 3 1.0 Inside Wall - Xmax = 600
  600  150 0
  600  100 0
  600  100 -50
  600  150 -50
  0.0  -500.0  0.0
4 2 4 3 1.0 Inside Wall - Ymax = 150
  650  150 0
  700  150 0
  700  150 -50
  650  150 -50
  0.0  -500.0  0.0
4 2 4 3 1.0 Inside Wall - Xmin = 650
  650  150 0
  650  100 0
  650  100 -50
  650  150 -50
  0.0  -500.0  0.0
4 2 4 3 1.0 Inside Wall - Xmax = 700
  700  150 0
  700  100 0
  700  100 -50
  700  150 -50
  0.0  -500.0  0.0
4 2 4 3 1.0 Inside Wall - Ymax = 150
  750  150 0
  800  150 0
  800  150 -50
  750  150 -50
  0.0  -500.0  0.0
4 2 4 3 1.0 Inside Wall - Xmin = 750
  750  150 0
  750  100 0
  750  100 -50
  750  150 -50
  0.0  -500.0  0.0
4 2 4 3 1.0 Inside Wall - Xmax = 800
  800  150 0
  800  100 0
  800  100 -50
  800  150 -50
  0.0  -500.0  0.0
4 2 4 3 1.0 Inside Wall - Ymax = 150
  800  150 0
  850  150 0
  850  150 -50
  800  150 -50
  0.0  -500.0  0.0
4 2 4 3 1.0 Inside Wall - Xmax = 850
  850  150 0
  850  100 0
  850  100 -50
  850  150 -50
  0.0  -500.0  0.0
4 2 4 3 1.0 Inside Wall - Ymax = 150
  850  150 0
  900  150 0
  900  150 -50
  850  150 -50
  0.0  -500.0  0.0
4 2 4 3 1.0 Inside Wall - Xmax = 900
  900  150 0
  900  100 0
  900  100 -50
  900  150 -50
  0.0  -500.0  0.0
4 2 5 3 1.0 Outside Wall - Xmax = 1000
  1000  150 0
  1000  100 0
  1000  100 -50
  1000  150 -50
  0.0  -500.0  0.0
4 2 5 3 1.0 Outside Wall - Xmin = 0
  0  200 0
  0  150 0
  0  150 -50
  0  200 -50
  0.0  -500.0  0.0
4 2 4 3 1.0 Inside Wall - Ymax = 200
  50  200 0
  100  200 0
  100  200 -50
  50  200 -50
  0.0  -500.0  0.0
4 2 4 3 1.0 Inside Wall - Xmin = 50
  50  200 0
  50  150 0
  50  150 -50
  50  200 -50
  0.0  -500.0  0.0
4 2 4 3 1.0 Inside Wall - Xmax = 100
  100  200 0
  100  150 0
  100  150 -50
  100  200 -50
  0.0  -500.0  0.0
4 2 4 3 1.0 Inside Wall - Ymax = 200
  100  200 0
  150  200 0
  150  200 -50
  100  200 -50
  0.0  -500.0  0.0
4 2 4 3 1.0 Inside Wall - Xmax = 150
  150  200 0
  150  150 0
  150  150 -50
  150  200 -50
  0.0  -500.0  0.0
4 2 4 3 1.0 Inside Wall - Ymax = 200
  250  200 0
  300  200 0
  300  200 -50
  250  200 -50
  0.0  -500.0  0.0
4 2 4 3 1.0 Inside Wall - Xmin = 250
  250  200 0
  250  150 0
  250  150 -50
  250  200 -50
  0.0  -500.0  0.0
4 2 4 3 1.0 Inside Wall - Xmax = 300
  300  200 0
  300  150 0
  300  150 -50
  300  200 -50
  0.0  -500.0  0.0
4 2 4 3 1.0 Inside Wall - Ymax = 200
  300  200 0
  350  200 0
  350  200 -50
  300  200 -50
  0.0  -500.0  0.0
4 2 4 3 1.0 Inside Wall - Xmax = 350
  350  200 0
  350  150 0
  350  150 -50
  350  200 -50
  0.0  -500.0  0.0
4 2 4 3 1.0 Inside Wall - Ymax = 200
  350  200 0
  400  200 0
  400  200 -50
  350  200 -50
  0.0  -500.0  0.0
4 2 4 3 1.0 Inside Wall - Xmax = 400
  400  200 0
  400  150 0
  400  150 -50
  400  200 -50
  0.0  -500.0  0.0
4 2 4 3 1.0 Inside Wall - Ymax = 200
  450  200 0
  500  200 0
  500  200 -50
  450  200 -50
  0.0  -500.0  0.0
4 2 4 3 1.0 Inside Wall - Xmin = 450
  450  200 0
  450  150 0
  450  150 -50
  450  200 -50
  0.0  -500.0  0.0
4 2 4 3 1.0 Inside Wall - Xmax = 500
  500  200 0
  500  150 0
  500  150 -50
  500  200 -50
  0.0  -500.0  0.0
4 2 4 3 1.0 Inside Wall - Ymax = 200
  550  200 0
  600  200 0
  600  200 -50
  550  200 -50
  0.0  -500.0  0.0
4 2 4 3 1.0 Inside Wall - Xmin = 550
  550  200 0
  550  150 0
  550  150 -50
  550  200 -50
  0.0  -500.0  0.0
4 2 4 3 1.0 Inside Wall - Xmax = 600
  600  200 0
  600  150 0
  600  150 -50
  600  200 -50
  0.0  -500.0  0.0
4 2 4 3 1.0 Inside Wall - Ymax = 200
  650  200 0
  700  200 0
  700  200 -50
  650  200 -50
  0.0  -500.0  0.0
4 2 4 3 1.0 Inside Wall - Xmin = 650
  650  200 0
  650  150 0
  650  150 -50
  650  200 -50
  0.0  -500.0  0.0
4 2 4 3 1.0 Inside Wall - Xmax = 700
  700  200 0
  700  150 0
  700  150 -50
  700  200 -50
  0.0  -500.0  0.0
4 2 4 3 1.0 Inside Wall - Ymax = 200
  750  200 0
  800  200 0
  800  200 -50
  750  200 -50
  0.0  -500.0  0.0
4 2 4 3 1.0 Inside Wall - Xmin = 750
  750  200 0
  750  150 0
  750  150 -50
  750  200 -50
  0.0  -500.0  0.0
4 2 4 3 1.0 Inside Wall - Xmax = 800
  800  200 0
  800  150 0
  800  150 -50
  800  200 -50
  0.0  -500.0  0.0
4 2 4 3 1.0 Inside Wall - Ymax = 200
  800  200 0
  850  200 0
  850  200 -50
  800  200 -50
  0.0  -500.0  0.0
4 2 4 3 1.0 Inside Wall - Xmax = 850
  850  200 0
  850  150 0
  850  150 -50
  850  200 -50
  0.0  -500.0  0.0
4 2 4 3 1.0 Inside Wall - Ymax = 200
  850  200 0
  900  200 0
  900  200 -50
  850  200 -50
  0.0  -500.0  0.0
4 2 4 3 1.0 Inside Wall - Xmax = 900
  900  200 0
  900  150 0
  900  150 -50
  900  200 -50
  0.0  -500.0  0.0
4 2 5 3 1.0 Outside Wall - Xmax = 1000
  1000  200 0
  1000  150 0
  1000  150 -50
  1000  200 -50
  0.0  -500.0  0.0
4 2 5 3 1.0 Outside Wall - Xmin = 0
  0  250 0
  0  200 0
  0  200 -50
  0  250 -50
  0.0  -500.0  0.0
4 2 4 3 1.0 Inside Wall - Ymax = 250
  50  250 0
  100  250 0
  100  250 -50
  50  250 -50
  0.0  -500.0  0.0
4 2 4 3 1.0 Inside Wall - Xmin = 50
  50  250 0
  50  200 0
  50  200 -50
  50  250 -50
  0.0  -500.0  0.0
4 2 4 3 1.0 Inside Wall - Xmax = 100
  100  250 0
  100  200 0
  100  200 -50
  100  250 -50
  0.0  -500.0  0.0
4 2 4 3 1.0 Inside Wall - Ymax = 250
  300  250 0
  350  250 0
  350  250 -50
  300  250 -50
  0.0  -500.0  0.0
4 2 4 3 1.0 Inside Wall - Xmin = 300
  300  250 0
  300  200 0
  300  200 -50
  300  250 -50
  0.0  -500.0  0.0
4 2 4 3 1.0 Inside Wall - Xmax = 350
  350  250 0
  350  200 0
  350  200 -50
  350  250 -50
  0.0  -500.0  0.0
4 2 4 3 1.0 Inside Wall - Ymax = 250
  350  250 0
  400  250 0
  400  250 -50
  350  250 -50
  0.0  -500.0  0.0
4 2 4 3 1.0 Inside Wall - Xmax = 400
  400  250 0
  400  200 0
  400  200 -50
  400  250 -50
  0.0  -500.0  0.0
4 2 4 3 1.0 Inside Wall - Ymax = 250
  450  250 0
  500  250 0
  500  250 -50
  450  250 -50
  0.0  -500.0  0.0
4 2 4 3 1.0 Inside Wall - Xmin = 450
  450  250 0
  450  200 0
  450  200 -50
  450  250 -50
  0.0  -500.0  0.0
4 2 4 3 1.0 Inside Wall - Xmax = 500
  500  250 0
  500  200 0
  500  200 -50
  500  250 -50
  0.0  -500.0  0.0
4 2 4 3 1.0 Inside Wall - Ymax = 250
  550  250 0
  600  250 0
  600  250 -50
  550  250 -50
  0.0  -500.0  0.0
4 2 4 3 1.0 Inside Wall - Xmin = 550
  550  250 0
  550  200 0
  550  200 -50
  550  250 -50
  0.0  -500.0  0.0
4 2 4 3 1.0 Inside Wall - Xmax = 600
  600  250 0
  600  200 0
  600  200 -50
  600  250 -50
  0.0  -500.0  0.0
4 2 4 3 1.0 Inside Wall - Ymax = 250
  800  250 0
  850  250 0
  850  250 -50
  800  250 -50
  0.0  -500.0  0.0
4 2 4 3 1.0 Inside Wall - Xmin = 800
  800  250 0
  800  200 0
  800  200 -50
  800  250 -50
  0.0  -500.0  0.0
4 2 4 3 1.0 Inside Wall - Xmax = 850
  850  250 0
  850  200 0
  850  200 -50
  850  250 -50
  0.0  -500.0  0.0
4 2 4 3 1.0 Inside Wall - Ymax = 250
  850  250 0
  900  250 0
  900  250 -50
  850  250 -50
  0.0  -500.0  0.0
4 2 4 3 1.0 Inside Wall - Xmax = 900
  900  250 0
  900  200 0
  900  200 -50
  900  250 -50
  0.0  -500.0  0.0
4 2 5 3 1.0 Outside Wall - Xmax = 1000
  1000  250 0
  1000  200 0
  1000  200 -50
  1000  250 -50
  0.0  -500.0  0.0
4 2 5 3 1.0 Outside Wall - Xmin = 0
  0  300 0
  0  250 0
  0  250 -50
  0  300 -50
  0.0  -500.0  0.0
4 2 4 3 1.0 Inside Wall - Ymax = 300
  50  300 0
  100  300 0
  100  300 -50
  50  300 -50
  0.0  -500.0  0.0
4 2 4 3 1.0 Inside Wall - Xmin = 50
  50  300 0
  50  250 0
  50  250 -50
  50  300 -50
  0.0  -500.0  0.0
4 2 4 3 1.0 Inside Wall - Xmax = 100
  100  300 0
  100  250 0
  100  250 -50
  100  300 -50
  0.0  -500.0  0.0
4 2 4 3 1.0 Inside Wall - Ymin = 250
  200  250 0
  250  250 0
  250  250 -50
  200  250 -50
  0.0  -500.0  0.0
4 2 4 3 1.0 Inside Wall - Ymax = 300
  200  300 0
  250  300 0
  250  300 -50
  200  300 -50
  0.0  -500.0  0.0
4 2 4 3 1.0 Inside Wall - Xmin = 200
  200  300 0
  200  250 0
  200  250 -50
  200  300 -50
  0.0  -500.0  0.0
4 2 4 3 1.0 Inside Wall - Xmax = 250
  250  300 0
  250  250 0
  250  250 -50
  250  300 -50
  0.0  -500.0  0.0
4 2 4 3 1.0 Inside Wall - Ymax = 300
  450  300 0
  500  300 0
  500  300 -50
  450  300 -50
  0.0  -500.0  0.0
4 2 4 3 1.0 Inside Wall - Xmin = 450
  450  300 0
  450  250 0
  450  250 -50
  450  300 -50
  0.0  -500.0  0.0
4 2 4 3 1.0 Inside Wall - Xmax = 500
  500  300 0
  500  250 0
  500  250 -50
  500  300 -50
  0.0  -500.0  0.0
4 2 4 3 1.0 Inside Wall - Ymin = 250
  700  250 0
  750  250 0
  750  250 -50
  700  250 -50
  0.0  -500.0  0.0
4 2 4 3 1.0 Inside Wall - Ymax = 300
  700  300 0
  750  300 0
  750  300 -50
  700  300 -50
  0.0  -500.0  0.0
4 2 4 3 1.0 Inside Wall - Xmin = 700
  700  300 0
  700  250 0
  700  250 -50
  700  300 -50
  0.0  -500.0  0.0
4 2 4 3 1.0 Inside Wall - Xmax = 750
  750  300 0
  750  250 0
  750  250 -50
  750  300 -50
  0.0  -500.0  0.0
4 2 5 3 1.0 Outside Wall - Xmax = 1000
  1000  300 0
  1000  250 0
  1000  250 -50
  1000  300 -50
  0.0  -500.0  0.0
4 2 5 3 1.0 Outside Wall - Xmin = 0
  0  350 0
  0  300 0
  0  300 -50
  0  350 -50
  0.0  -500.0  0.0
4 2 4 3 1.0 Inside Wall - Ymax = 350
  50  350 0
  100  350 0
  100  350 -50
  50  350 -50
  0.0  -500.0  0.0
4 2 4 3 1.0 Inside Wall - Xmin = 50
  50  350 0
  50  300 0
  50  300 -50
  50  350 -50
  0.0  -500.0  0.0
4 2 4 3 1.0 Inside Wall - Xmax = 100
  100  350 0
  100  300 0
  100  300 -50
  100  350 -50
  0.0  -500.0  0.0
4 2 4 3 1.0 Inside Wall - Ymin = 300
  100  300 0
  150  300 0
  150  300 -50
  100  300 -50
  0.0  -500.0  0.0
4 2 4 3 1.0 Inside Wall - Ymax = 350
  100  350 0
  150  350 0
  150  350 -50
  100  350 -50
  0.0  -500.0  0.0
4 2 4 3 1.0 Inside Wall - Xmax = 150
  150  350 0
  150  300 0
  150  300 -50
  150  350 -50
  0.0  -500.0  0.0
4 2 4 3 1.0 Inside Wall - Ymin = 300
  150  300 0
  200  300 0
  200  300 -50
  150  300 -50
  0.0  -500.0  0.0
4 2 4 3 1.0 Inside Wall - Ymax = 350
  150  350 0
  200  350 0
  200  350 -50
  150  350 -50
  0.0  -500.0  0.0
4 2 4 3 1.0 Inside Wall - Xmax = 200
  200  350 0
  200  300 0
  200  300 -50
  200  350 -50
  0.0  -500.0  0.0
4 2 4 3 1.0 Inside Wall - Ymax = 350
  200  350 0
  250  350 0
  250  350 -50
  200  350 -50
  0.0  -500.0  0.0
4 2 4 3 1.0 Inside Wall - Xmax = 250
  250  350 0
  250  300 0
  250  300 -50
  250  350 -50
  0.0  -500.0  0.0
4 2 4 3 1.0 Inside Wall - Ymin = 300
  550  300 0
  600  300 0
  600  300 -50
  550  300 -50
  0.0  -500.0  0.0
4 2 4 3 1.0 Inside Wall - Ymax = 350
  550  350 0
  600  350 0
  600  350 -50
  550  350 -50
  0.0  -500.0  0.0
4 2 4 3 1.0 Inside Wall - Xmin = 550
  550  350 0
  550  300 0
  550  300 -50
  550  350 -50
  0.0  -500.0  0.0
4 2 4 3 1.0 Inside Wall - Xmax = 600
  600  350 0
  600  300 0
  600  300 -50
  600  350 -50
  0.0  -500.0  0.0
4 2 4 3 1.0 Inside Wall - Ymin = 300
  600  300 0
  650  300 0
  650  300 -50
  600  300 -50
  0.0  -500.0  0.0
4 2 4 3 1.0 Inside Wall - Ymax = 350
  600  350 0
  650  350 0
  650  350 -50
  600  350 -50
  0.0  -500.0  0.0
4 2 4 3 1.0 Inside Wall - Xmax = 650
  650  350 0
  650  300 0
  650  300 -50
  650  350 -50
  0.0  -500.0  0.0
4 2 4 3 1.0 Inside Wall - Ymin = 300
  650  300 0
  700  300 0
  700  300 -50
  650  300 -50
  0.0  -500.0  0.0
4 2 4 3 1.0 Inside Wall - Ymax = 350
  650  350 0
  700  350 0
  700  350 -50
  650  350 -50
  0.0  -500.0  0.0
4 2 4 3 1.0 Inside Wall - Xmax = 700
  700  350 0
  700  300 0
  700  300 -50
  700  350 -50
  0.0  -500.0  0.0
4 2 4 3 1.0 Inside Wall - Ymax = 350
  700  350 0
  750  350 0
  750  350 -50
  700  350 -50
  0.0  -500.0  0.0
4 2 4 3 1.0 Inside Wall - Xmax = 750
  750  350 0
  750  300 0
  750  300 -50
  750  350 -50
  0.0  -500.0  0.0
4 2 5 3 1.0 Outside Wall - Xmax = 1000
  1000  350 0
  1000  300 0
  1000  300 -50
  1000  350 -50
  0.0  -500.0  0.0
4 2 5 3 1.0 Outside Wall - Xmin = 0
  0  400 0
  0  350 0
  0  350 -50
  0  400 -50
  0.0  -500.0  0.0
4 2 4 3 1.0 Inside Wall - Ymax = 400
  50  400 0
  100  400 0
  100  400 -50
  50  400 -50
  0.0  -500.0  0.0
4 2 4 3 1.0 Inside Wall - Xmin = 50
  50  400 0
  50  350 0
  50  350 -50
  50  400 -50
  0.0  -500.0  0.0
4 2 4 3 1.0 Inside Wall - Xmax = 100
  100  400 0
  100  350 0
  100  350 -50
  100  400 -50
  0.0  -500.0  0.0
4 2 4 3 1.0 Inside Wall - Ymax = 400
  100  400 0
  150  400 0
  150  400 -50
  100  400 -50
  0.0  -500.0  0.0
4 2 4 3 1.0 Inside Wall - Xmax = 150
  150  400 0
  150  350 0
  150  350 -50
  150  400 -50
  0.0  -500.0  0.0
4 2 4 3 1.0 Inside Wall - Ymax = 400
  150  400 0
  200  400 0
  200  400 -50
  150  400 -50
  0.0  -500.0  0.0
4 2 4 3 1.0 Inside Wall - Xmax = 200
  200  400 0
  200  350 0
  200  350 -50
  200  400 -50
  0.0  -500.0  0.0
4 2 4 3 1.0 Inside Wall - Ymax = 400
  200  400 0
  250  400 0
  250  400 -50
  200  400 -50
  0.0  -500.0  0.0
4 2 4 3 1.0 Inside Wall - Xmax = 250
  250  400 0
  250  350 0
  250  350 -50
  250  400 -50
  0.0  -500.0  0.0
4 2 4 3 1.0 Inside Wall - Ymin = 350
  250  350 0
  300  350 0
  300  350 -50
  250  350 -50
  0.0  -500.0  0.0
4 2 4 3 1.0 Inside Wall - Ymax = 400
  250  400 0
  300  400 0
  300  400 -50
  250  400 -50
  0.0  -500.0  0.0
4 2 4 3 1.0 Inside Wall - Xmax = 300
  300  400 0
  300  350 0
  300  350 -50
  300  400 -50
  0.0  -500.0  0.0
4 2 4 3 1.0 Inside Wall - Ymin = 350
  300  350 0
  350  350 0
  350  350 -50
  300  350 -50
  0.0  -500.0  0.0
4 2 4 3 1.0 Inside Wall - Ymax = 400
  300  400 0
  350  400 0
  350  400 -50
  300  400 -50
  0.0  -500.0  0.0
4 2 4 3 1.0 Inside Wall - Xmax = 350
  350  400 0
  350  350 0
  350  350 -50
  350  400 -50
  0.0  -500.0  0.0
4 2 4 3 1.0 Inside Wall - Ymin = 350
  350  350 0
  400  350 0
  400  350 -50
  350  350 -50
  0.0  -500.0  0.0
4 2 4 3 1.0 Inside Wall - Ymax = 400
  350  400 0
  400  400 0
  400  400 -50
  350  400 -50
  0.0  -500.0  0.0
4 2 4 3 1.0 Inside Wall - Xmax = 400
  400  400 0
  400  350 0
  400  350 -50
  400  400 -50
  0.0  -500.0  0.0
4 2 4 3 1.0 Inside Wall - Ymin = 350
  400  350 0
  450  350 0
  450  350 -50
  400  350 -50
  0.0  -500.0  0.0
4 2 4 3 1.0 Inside Wall - Ymax = 400
  400  400 0
  450  400 0
  450  400 -50
  400  400 -50
  0.0  -500.0  0.0
4 2 4 3 1.0 Inside Wall - Xmax = 450
  450  400 0
  450  350 0
  450  350 -50
  450  400 -50
  0.0  -500.0  0.0
4 2 4 3 1.0 Inside Wall - Ymax = 400
  600  400 0
  650  400 0
  650  400 -50
  600  400 -50
  0.0  -500.0  0.0
4 2 4 3 1.0 Inside Wall - Xmin = 600
  600  400 0
  600  350 0
  600  350 -50
  600  400 -50
  0.0  -500.0  0.0
4 2 4 3 1.0 Inside Wall - Xmax = 650
  650  400 0
  650  350 0
  650  350 -50
  650  400 -50
  0.0  -500.0  0.0
4 2 4 3 1.0 Inside Wall - Ymax = 400
  650  400 0
  700  400 0
  700  400 -50
  650  400 -50
  0.0  -500.0  0.0
4 2 4 3 1.0 Inside Wall - Xmax = 700
  700  400 0
  700  350 0
  700  350 -50
  700  400 -50
  0.0  -500.0  0.0
4 2 4 3 1.0 Inside Wall - Ymax = 400
  700  400 0
  750  400 0
  750  400 -50
  700  400 -50
  0.0  -500.0  0.0
4 2 4 3 1.0 Inside Wall - Xmax = 750
  750  400 0
  750  350 0
  750  350 -50
  750  400 -50
  0.0  -500.0  0.0
4 2 4 3 1.0 Inside Wall - Ymin = 350
  750  350 0
  800  350 0
  800  350 -50
  750  350 -50
  0.0  -500.0  0.0
4 2 4 3 1.0 Inside Wall - Ymax = 400
  750  400 0
  800  400 0
  800  400 -50
  750  400 -50
  0.0  -500.0  0.0
4 2 4 3 1.0 Inside Wall - Xmax = 800
  800  400 0
  800  350 0
  800  350 -50
  800  400 -50
  0.0  -500.0  0.0
4 2 4 3 1.0 Inside Wall - Ymin = 350
  800  350 0
  850  350 0
  850  350 -50
  800  350 -50
  0.0  -500.0  0.0
4 2 4 3 1.0 Inside Wall - Ymax = 400
  800  400 0
  850  400 0
  850  400 -50
  800  400 -50
  0.0  -500.0  0.0
4 2 4 3 1.0 Inside Wall - Xmax = 850
  850  400 0
  850  350 0
  850  350 -50
  850  400 -50
  0.0  -500.0  0.0
4 2 4 3 1.0 Inside Wall - Ymin = 350
  850  350 0
  900  350 0
  900  350 -50
  850  350 -50
  0.0  -500.0  0.0
4 2 4 3 1.0 Inside Wall - Ymax = 400
  850  400 0
  900  400 0
  900  400 -50
  850  400 -50
  0.0  -500.0  0.0
4 2 4 3 1.0 Inside Wall - Xmax = 900
  900  400 0
  900  350 0
  900  350 -50
  900  400 -50
  0.0  -500.0  0.0
4 2 4 3 1.0 Inside Wall - Ymin = 350
  900  350 0
  950  350 0
  950  350 -50
  900  350 -50
  0.0  -500.0  0.0
4 2 4 3 1.0 Inside Wall - Ymax = 400
  900  400 0
  950  400 0
  950  400 -50
  900  400 -50
  0.0  -500.0  0.0
4 2 4 3 1.0 Inside Wall - Xmax = 950
  950  400 0
  950  350 0
  950  350 -50
  950  400 -50
  0.0  -500.0  0.0
4 2 5 3 1.0 Outside Wall - Xmax = 1000
  1000  400 0
  1000  350 0
  1000  350 -50
  1000  400 -50
  0.0  -500.0  0.0
4 2 5 3 1.0 Outside Wall - Xmin = 0
  0  450 0
  0  400 0
  0  400 -50
  0  450 -50
  0.0  -500.0  0.0
4 2 4 3 1.0 Inside Wall - Ymax = 450
  50  450 0
  100  450 0
  100  450 -50
  50  450 -50
  0.0  -500.0  0.0
4 2 4 3 1.0 Inside Wall - Xmin = 50
  50  450 0
  50  400 0
  50  400 -50
  50  450 -50
  0.0  -500.0  0.0
4 2 4 3 1.0 Inside Wall - Xmax = 100
  100  450 0
  100  400 0
  100  400 -50
  100  450 -50
  0.0  -500.0  0.0
4 2 4 3 1.0 Inside Wall - Ymin = 400
  550  400 0
  600  400 0
  600  400 -50
  550  400 -50
  0.0  -500.0  0.0
4 2 4 3 1.0 Inside Wall - Ymax = 450
  550  450 0
  600  450 0
  600  450 -50
  550  450 -50
  0.0  -500.0  0.0
4 2 4 3 1.0 Inside Wall - Xmin = 550
  550  450 0
  550  400 0
  550  400 -50
  550  450 -50
  0.0  -500.0  0.0
4 2 4 3 1.0 Inside Wall - Xmax = 600
  600  450 0
  600  400 0
  600  400 -50
  600  450 -50
  0.0  -500.0  0.0
4 2 5 3 1.0 Outside Wall - Xmax = 1000
  1000  450 0
  1000  400 0
  1000  400 -50
  1000  450 -50
  0.0  -500.0  0.0
4 2 5 3 1.0 Outside Wall - Xmin = 0
  0  500 0
  0  450 0
  0  450 -50
  0  500 -50
  0.0  -500.0  0.0
4 2 4 3 1.0 Inside Wall - Ymax = 500
  50  500 0
  100  500 0
  100  500 -50
  50  500 -50
  0.0  -500.0  0.0
4 2 4 3 1.0 Inside Wall - Xmin = 50
  50  500 0
  50  450 0
  50  450 -50
  50  500 -50
  0.0  -500.0  0.0
4 2 4 3 1.0 Inside Wall - Xmax = 100
  100  500 0
  100  450 0
  100  450 -50
  100  500 -50
  0.0  -500.0  0.0
4 2 4 3 1.0 Inside Wall - Ymin = 450
  150  450 0
  200  450 0
  200  450 -50
  150  450 -50
  0.0  -500.0  0.0
4 2 4 3 1.0 Inside Wall - Ymax = 500
  150  500 0
  200  500 0
  200  500 -50
  150  500 -50
  0.0  -500.0  0.0
4 2 4 3 1.0 Inside Wall - Xmin = 150
  150  500 0
  150  450 0
  150  450 -50
  150  500 -50
  0.0  -500.0  0.0
4 2 4 3 1.0 Inside Wall - Xmax = 200
  200  500 0
  200  450 0
  200  450 -50
  200  500 -50
  0.0  -500.0  0.0
4 2 4 3 1.0 Inside Wall - Ymin = 450
  200  450 0
  250  450 0
  250  450 -50
  200  450 -50
  0.0  -500.0  0.0
4 2 4 3 1.0 Inside Wall - Ymax = 500
  200  500 0
  250  500 0
  250  500 -50
  200  500 -50
  0.0  -500.0  0.0
4 2 4 3 1.0 Inside Wall - Xmax = 250
  250  500 0
  250  450 0
  250  450 -50
  250  500 -50
  0.0  -500.0  0.0
4 2 4 3 1.0 Inside Wall - Ymin = 450
  250  450 0
  300  450 0
  300  450 -50
  250  450 -50
  0.0  -500.0  0.0
4 2 4 3 1.0 Inside Wall - Ymax = 500
  250  500 0
  300  500 0
  300  500 -50
  250  500 -50
  0.0  -500.0  0.0
4 2 4 3 1.0 Inside Wall - Xmax = 300
  300  500 0
  300  450 0
  300  450 -50
  300  500 -50
  0.0  -500.0  0.0
4 2 4 3 1.0 Inside Wall - Ymin = 450
  300  450 0
  350  450 0
  350  450 -50
  300  450 -50
  0.0  -500.0  0.0
4 2 4 3 1.0 Inside Wall - Ymax = 500
  300  500 0
  350  500 0
  350  500 -50
  300  500 -50
  0.0  -500.0  0.0
4 2 4 3 1.0 Inside Wall - Xmax = 350
  350  500 0
  350  450 0
  350  450 -50
  350  500 -50
  0.0  -500.0  0.0
4 2 4 3 1.0 Inside Wall - Ymin = 450
  350  450 0
  400  450 0
  400  450 -50
  350  450 -50
  0.0  -500.0  0.0
4 2 4 3 1.0 Inside Wall - Ymax = 500
  350  500 0
  400  500 0
  400  500 -50
  350  500 -50
  0.0  -500.0  0.0
4 2 4 3 1.0 Inside Wall - Xmax = 400
  400  500 0
  400  450 0
  400  450 -50
  400  500 -50
  0.0  -500.0  0.0
4 2 4 3 1.0 Inside Wall - Ymin = 450
  400  450 0
  450  450 0
  450  450 -50
  400  450 -50
  0.0  -500.0  0.0
4 2 4 3 1.0 Inside Wall - Ymax = 500
  400  500 0
  450  500 0
  450  500 -50
  400  500 -50
  0.0  -500.0  0.0
4 2 4 3 1.0 Inside Wall - Xmax = 450
  450  500 0
  450  450 0
  450  450 -50
  450  500 -50
  0.0  -500.0  0.0
4 2 4 3 1.0 Inside Wall - Ymin = 450
  450  450 0
  500  450 0
  500  450 -50
  450  450 -50
  0.0  -500.0  0.0
4 2 4 3 1.0 Inside Wall - Ymax = 500
  450  500 0
  500  500 0
  500  500 -50
  450  500 -50
  0.0  -500.0  0.0
4 2 4 3 1.0 Inside Wall - Xmax = 500
  500  500 0
  500  450 0
  500  450 -50
  500  500 -50
  0.0  -500.0  0.0
4 2 4 3 1.0 Inside Wall - Ymin = 450
  600  450 0
  650  450 0
  650  450 -50
  600  450 -50
  0.0  -500.0  0.0
4 2 4 3 1.0 Inside Wall - Ymax = 500
  600  500 0
  650  500 0
  650  500 -50
  600  500 -50
  0.0  -500.0  0.0
4 2 4 3 1.0 Inside Wall - Xmin = 600
  600  500 0
  600  450 0
  600  450 -50
  600  500 -50
  0.0  -500.0  0.0
4 2 4 3 1.0 Inside Wall - Xmax = 650
  650  500 0
  650  450 0
  650  450 -50
  650  500 -50
  0.0  -500.0  0.0
4 2 4 3 1.0 Inside Wall - Ymin = 450
  650  450 0
  700  450 0
  700  450 -50
  650  450 -50
  0.0  -500.0  0.0
4 2 4 3 1.0 Inside Wall - Ymax = 500
  650  500 0
  700  500 0
  700  500 -50
  650  500 -50
  0.0  -500.0  0.0
4 2 4 3 1.0 Inside Wall - Xmax = 700
  700  500 0
  700  450 0
  700  450 -50
  700  500 -50
  0.0  -500.0  0.0
4 2 4 3 1.0 Inside Wall - Ymin = 450
  700  450 0
  750  450 0
  750  450 -50
  700  450 -50
  0.0  -500.0  0.0
4 2 4 3 1.0 Inside Wall - Ymax = 500
  700  500 0
  750  500 0
  750  500 -50
  700  500 -50
  0.0  -500.0  0.0
4 2 4 3 1.0 Inside Wall - Xmax = 750
  750  500 0
  750  450 0
  750  450 -50
  750  500 -50
  0.0  -500.0  0.0
4 2 4 3 1.0 Inside Wall - Ymin = 450
  750  450 0
  800  450 0
  800  450 -50
  750  450 -50
  0.0  -500.0  0.0
4 2 4 3 1.0 Inside Wall - Ymax = 500
  750  500 0
  800  500 0
  800  500 -50
  750  500 -50
  0.0  -500.0  0.0
4 2 4 3 1.0 Inside Wall - Xmax = 800
  800  500 0
  800  450 0
  800  450 -50
  800  500 -50
  0.0  -500.0  0.0
4 2 4 3 1.0 Inside Wall - Ymin = 450
  800  450 0
  850  450 0
  850  450 -50
  800  450 -50
  0.0  -500.0  0.0
4 2 4 3 1.0 Inside Wall - Ymax = 500
  800  500 0
  850  500 0
  850  500 -50
  800  500 -50
  0.0  -500.0  0.0
4 2 4 3 1.0 Inside Wall - Xmax = 850
  850  500 0
  850  450 0
  850  450 -50
  850  500 -50
  0.0  -500.0  0.0
4 2 4 3 1.0 Inside Wall - Ymin = 450
  850  450 0
  900  450 0
  900  450 -50
  850  450 -50
  0.0  -500.0  0.0
4 2 4 3 1.0 Inside Wall - Ymax = 500
  850  500 0
  900  500 0
  900  500 -50
  850  500 -50
  0.0  -500.0  0.0
4 2 4 3 1.0 Inside Wall - Xmax = 900
  900  500 0
  900  450 0
  900  450 -50
  900  500 -50
  0.0  -500.0  0.0
4 2 4 3 1.0 Inside Wall - Ymin = 450
  900  450 0
  950  450 0
  950  450 -50
  900  450 -50
  0.0  -500.0  0.0
4 2 4 3 1.0 Inside Wall - Ymax = 500
  900  500 0
  950  500 0
  950  500 -50
  900  500 -50
  0.0  -500.0  0.0
4 2 4 3 1.0 Inside Wall - Xmax = 950
  950  500 0
  950  450 0
  950  450 -50
  950  500 -50
  0.0  -500.0  0.0
4 2 5 3 1.0 Outside Wall - Xmax = 1000
  1000  500 0
  1000  450 0
  1000  450 -50
  1000  500 -50
  0.0  -500.0  0.0
4 2 5 3 1.0 Outside Wall - Xmin = 0
  0  550 0
  0  500 0
  0  500 -50
  0  550 -50
  0.0  -500.0  0.0
4 2 4 3 1.0 Inside Wall - Ymax = 550
  50  550 0
  100  550 0
  100  550 -50
  50  550 -50
  0.0  -500.0  0.0
4 2 4 3 1.0 Inside Wall - Xmin = 50
  50  550 0
  50  500 0
  50  500 -50
  50  550 -50
  0.0  -500.0  0.0
4 2 4 3 1.0 Inside Wall - Xmax = 100
  100  550 0
  100  500 0
  100  500 -50
  100  550 -50
  0.0  -500.0  0.0
4 2 4 3 1.0 Inside Wall - Ymax = 550
  300  550 0
  350  550 0
  350  550 -50
  300  550 -50
  0.0  -500.0  0.0
4 2 4 3 1.0 Inside Wall - Xmin = 300
  300  550 0
  300  500 0
  300  500 -50
  300  550 -50
  0.0  -500.0  0.0
4 2 4 3 1.0 Inside Wall - Xmax = 350
  350  550 0
  350  500 0
  350  500 -50
  350  550 -50
  0.0  -500.0  0.0
4 2 4 3 1.0 Inside Wall - Ymax = 550
  450  550 0
  500  550 0
  500  550 -50
  450  550 -50
  0.0  -500.0  0.0
4 2 4 3 1.0 Inside Wall - Xmin = 450
  450  550 0
  450  500 0
  450  500 -50
  450  550 -50
  0.0  -500.0  0.0
4 2 4 3 1.0 Inside Wall - Xmax = 500
  500  550 0
  500  500 0
  500  500 -50
  500  550 -50
  0.0  -500.0  0.0
4 2 5 3 1.0 Outside Wall - Xmax = 1000
  1000  550 0
  1000  500 0
  1000  500 -50
  1000  550 -50
  0.0  -500.0  0.0
4 2 5 3 1.0 Outside Wall - Xmin = 0
  0  600 0
  0  550 0
  0  550 -50
  0  600 -50
  0.0  -500.0  0.0
4 2 4 3 1.0 Inside Wall - Ymax = 600
  50  600 0
  100  600 0
  100  600 -50
  50  600 -50
  0.0  -500.0  0.0
4 2 4 3 1.0 Inside Wall - Xmin = 50
  50  600 0
  50  550 0
  50  550 -50
  50  600 -50
  0.0  -500.0  0.0
4 2 4 3 1.0 Inside Wall - Xmax = 100
  100  600 0
  100  550 0
  100  550 -50
  100  600 -50
  0.0  -500.0  0.0
4 2 4 3 1.0 Inside Wall - Ymin = 550
  100  550 0
  150  550 0
  150  550 -50
  100  550 -50
  0.0  -500.0  0.0
4 2 4 3 1.0 Inside Wall - Ymax = 600
  100  600 0
  150  600 0
  150  600 -50
  100  600 -50
  0.0  -500.0  0.0
4 2 4 3 1.0 Inside Wall - Xmax = 150
  150  600 0
  150  550 0
  150  550 -50
  150  600 -50
  0.0  -500.0  0.0
4 2 4 3 1.0 Inside Wall - Ymin = 550
  150  550 0
  200  550 0
  200  550 -50
  150  550 -50
  0.0  -500.0  0.0
4 2 4 3 1.0 Inside Wall - Ymax = 600
  150  600 0
  200  600 0
  200  600 -50
  150  600 -50
  0.0  -500.0  0.0
4 2 4 3 1.0 Inside Wall - Xmax = 200
  200  600 0
  200  550 0
  200  550 -50
  200  600 -50
  0.0  -500.0  0.0
4 2 4 3 1.0 Inside Wall - Ymin = 550
  200  550 0
  250  550 0
  250  550 -50
  200  550 -50
  0.0  -500.0  0.0
4 2 4 3 1.0 Inside Wall - Ymax = 600
  200  600 0
  250  600 0
  250  600 -50
  200  600 -50
  0.0  -500.0  0.0
4 2 4 3 1.0 Inside Wall - Xmax = 250
  250  600 0
  250  550 0
  250  550 -50
  250  600 -50
  0.0  -500.0  0.0
4 2 4 3 1.0 Inside Wall - Ymin = 550
  250  550 0
  300  550 0
  300  550 -50
  250  550 -50
  0.0  -500.0  0.0
4 2 4 3 1.0 Inside Wall - Ymax = 600
  250  600 0
  300  600 0
  300  600 -50
  250  600 -50
  0.0  -500.0  0.0
4 2 4 3 1.0 Inside Wall - Xmax = 300
  300  600 0
  300  550 0
  300  550 -50
  300  600 -50
  0.0  -500.0  0.0
4 2 4 3 1.0 Inside Wall - Ymin = 550
  350  550 0
  400  550 0
  400  550 -50
  350  550 -50
  0.0  -500.0  0.0
4 2 4 3 1.0 Inside Wall - Ymax = 600
  350  600 0
  400  600 0
  400  600 -50
  350  600 -50
  0.0  -500.0  0.0
4 2 4 3 1.0 Inside Wall - Xmin = 350
  350  600 0
  350  550 0
  350  550 -50
  350  600 -50
  0.0  -500.0  0.0
4 2 4 3 1.0 Inside Wall - Xmax = 400
  400  600 0
  400  550 0
  400  550 -50
  400  600 -50
  0.0  -500.0  0.0
4 2 4 3 1.0 Inside Wall - Ymax = 600
  450  600 0
  500  600 0
  500  600 -50
  450  600 -50
  0.0  -500.0  0.0
4 2 4 3 1.0 Inside Wall - Xmin = 450
  450  600 0
  450  550 0
  450  550 -50
  450  600 -50
  0.0  -500.0  0.0
4 2 4 3 1.0 Inside Wall - Xmax = 500
  500  600 0
  500  550 0
  500  550 -50
  500  600 -50
  0.0  -500.0  0.0
4 2 4 3 1.0 Inside Wall - Ymin = 550
  550  550 0
  600  550 0
  600  550 -50
  550  550 -50
  0.0  -500.0  0.0
4 2 4 3 1.0 Inside Wall - Ymax = 600
  550  600 0
  600  600 0
  600  600 -50
  550  600 -50
  0.0  -500.0  0.0
4 2 4 3 1.0 Inside Wall - Xmin = 550
  550  600 0
  550  550 0
  550  550 -50
  550  600 -50
  0.0  -500.0  0.0
4 2 4 3 1.0 Inside Wall - Xmax = 600
  600  600 0
  600  550 0
  600  550 -50
  600  600 -50
  0.0  -500.0  0.0
4 2 4 3 1.0 Inside Wall - Ymin = 550
  600  550 0
  650  550 0
  650  550 -50
  600  550 -50
  0.0  -500.0  0.0
4 2 4 3 1.0 Inside Wall - Ymax = 600
  600  600 0
  650  600 0
  650  600 -50
  600  600 -50
  0.0  -500.0  0.0
4 2 4 3 1.0 Inside Wall - Xmax = 650
  650  600 0
  650  550 0
  650  550 -50
  650  600 -50
  0.0  -500.0  0.0
4 2 4 3 1.0 Inside Wall - Ymin = 550
  650  550 0
  700  550 0
  700  550 -50
  650  550 -50
  0.0  -500.0  0.0
4 2 4 3 1.0 Inside Wall - Ymax = 600
  650  600 0
  700  600 0
  700  600 -50
  650  600 -50
  0.0  -500.0  0.0
4 2 4 3 1.0 Inside Wall - Xmax = 700
  700  600 0
  700  550 0
  700  550 -50
  700  600 -50
  0.0  -500.0  0.0
4 2 4 3 1.0 Inside Wall - Ymin = 550
  700  550 0
  750  550 0
  750  550 -50
  700  550 -50
  0.0  -500.0  0.0
4 2 4 3 1.0 Inside Wall - Ymax = 600
  700  600 0
  750  600 0
  750  600 -50
  700  600 -50
  0.0  -500.0  0.0
4 2 4 3 1.0 Inside Wall - Xmax = 750
  750  600 0
  750  550 0
  750  550 -50
  750  600 -50
  0.0  -500.0  0.0
4 2 4 3 1.0 Inside Wall - Ymin = 550
  750  550 0
  800  550 0
  800  550 -50
  750  550 -50
  0.0  -500.0  0.0
4 2 4 3 1.0 Inside Wall - Ymax = 600
  750  600 0
  800  600 0
  800  600 -50
  750  600 -50
  0.0  -500.0  0.0
4 2 4 3 1.0 Inside Wall - Xmax = 800
  800  600 0
  800  550 0
  800  550 -50
  800  600 -50
  0.0  -500.0  0.0
4 2 5 3 1.0 Outside Wall - Xmax = 1000
  1000  600 0
  1000  550 0
  1000  550 -50
  1000  600 -50
  0.0  -500.0  0.0
4 2 5 3 1.0 Outside Wall - Xmin = 0
  0  650 0
  0  600 0
  0  600 -50
  0  650 -50
  0.0  -500.0  0.0
4 2 4 3 1.0 Inside Wall - Ymax = 650
  50  650 0
  100  650 0
  100  650 -50
  50  650 -50
  0.0  -500.0  0.0
4 2 4 3 1.0 Inside Wall - Xmin = 50
  50  650 0
  50  600 0
  50  600 -50
  50  650 -50
  0.0  -500.0  0.0
4 2 4 3 1.0 Inside Wall - Xmax = 100
  100  650 0
  100  600 0
  100  600 -50
  100  650 -50
  0.0  -500.0  0.0
4 2 4 3 1.0 Inside Wall - Ymax = 650
  150  650 0
  200  650 0
  200  650 -50
  150  650 -50
  0.0  -500.0  0.0
4 2 4 3 1.0 Inside Wall - Xmin = 150
  150  650 0
  150  600 0
  150  600 -50
  150  650 -50
  0.0  -500.0  0.0
4 2 4 3 1.0 Inside Wall - Xmax = 200
  200  650 0
  200  600 0
  200  600 -50
  200  650 -50
  0.0  -500.0  0.0
4 2 4 3 1.0 Inside Wall - Ymax = 650
  250  650 0
  300  650 0
  300  650 -50
  250  650 -50
  0.0  -500.0  0.0
4 2 4 3 1.0 Inside Wall - Xmin = 250
  250  650 0
  250  600 0
  250  600 -50
  250  650 -50
  0.0  -500.0  0.0
4 2 4 3 1.0 Inside Wall - Xmax = 300
  300  650 0
  300  600 0
  300  600 -50
  300  650 -50
  0.0  -500.0  0.0
4 2 4 3 1.0 Inside Wall - Ymin = 600
  300  600 0
  350  600 0
  350  600 -50
  300  600 -50
  0.0  -500.0  0.0
4 2 4 3 1.0 Inside Wall - Ymax = 650
  300  650 0
  350  650 0
  350  650 -50
  300  650 -50
  0.0  -500.0  0.0
4 2 4 3 1.0 Inside Wall - Xmax = 350
  350  650 0
  350  600 0
  350  600 -50
  350  650 -50
  0.0  -500.0  0.0
4 2 4 3 1.0 Inside Wall - Ymax = 650
  350  650 0
  400  650 0
  400  650 -50
  350  650 -50
  0.0  -500.0  0.0
4 2 4 3 1.0 Inside Wall - Xmax = 400
  400  650 0
  400  600 0
  400  600 -50
  400  650 -50
  0.0  -500.0  0.0
4 2 4 3 1.0 Inside Wall - Ymax = 650
  450  650 0
  500  650 0
  500  650 -50
  450  650 -50
  0.0  -500.0  0.0
4 2 4 3 1.0 Inside Wall - Xmin = 450
  450  650 0
  450  600 0
  450  600 -50
  450  650 -50
  0.0  -500.0  0.0
4 2 4 3 1.0 Inside Wall - Xmax = 500
  500  650 0
  500  600 0
  500  600 -50
  500  650 -50
  0.0  -500.0  0.0
4 2 4 3 1.0 Inside Wall - Ymax = 650
  550  650 0
  600  650 0
  600  650 -50
  550  650 -50
  0.0  -500.0  0.0
4 2 4 3 1.0 Inside Wall - Xmin = 550
  550  650 0
  550  600 0
  550  600 -50
  550  650 -50
  0.0  -500.0  0.0
4 2 4 3 1.0 Inside Wall - Xmax = 600
  600  650 0
  600  600 0
  600  600 -50
  600  650 -50
  0.0  -500.0  0.0
4 2 4 3 1.0 Inside Wall - Ymax = 650
  650  650 0
  700  650 0
  700  650 -50
  650  650 -50
  0.0  -500.0  0.0
4 2 4 3 1.0 Inside Wall - Xmin = 650
  650  650 0
  650  600 0
  650  600 -50
  650  650 -50
  0.0  -500.0  0.0
4 2 4 3 1.0 Inside Wall - Xmax = 700
  700  650 0
  700  600 0
  700  600 -50
  700  650 -50
  0.0  -500.0  0.0
4 2 4 3 1.0 Inside Wall - Ymax = 650
  750  650 0
  800  650 0
  800  650 -50
  750  650 -50
  0.0  -500.0  0.0
4 2 4 3 1.0 Inside Wall - Xmin = 750
  750  650 0
  750  600 0
  750  600 -50
  750  650 -50
  0.0  -500.0  0.0
4 2 4 3 1.0 Inside Wall - Xmax = 800
  800  650 0
  800  600 0
  800  600 -50
  800  650 -50
  0.0  -500.0  0.0
4 2 4 3 1.0 Inside Wall - Ymin = 600
  800  600 0
  850  600 0
  850  600 -50
  800  600 -50
  0.0  -500.0  0.0
4 2 4 3 1.0 Inside Wall - Ymax = 650
  800  650 0
  850  650 0
  850  650 -50
  800  650 -50
  0.0  -500.0  0.0
4 2 4 3 1.0 Inside Wall - Xmax = 850
  850  650 0
  850  600 0
  850  600 -50
  850  650 -50
  0.0  -500.0  0.0
4 2 4 3 1.0 Inside Wall - Ymin = 600
  850  600 0
  900  600 0
  900  600 -50
  850  600 -50
  0.0  -500.0  0.0
4 2 4 3 1.0 Inside Wall - Ymax = 650
  850  650 0
  900  650 0
  900  650 -50
  850  650 -50
  0.0  -500.0  0.0
4 2 4 3 1.0 Inside Wall - Xmax = 900
  900  650 0
  900  600 0
  900  600 -50
  900  650 -50
  0.0  -500.0  0.0
4 2 5 3 1.0 Outside Wall - Xmax = 1000
  1000  650 0
  1000  600 0
  1000  600 -50
  1000  650 -50
  0.0  -500.0  0.0
4 2 5 3 1.0 Outside Wall - Xmin = 0
  0  700 0
  0  650 0
  0  650 -50
  0  700 -50
  0.0  -500.0  0.0
4 2 4 3 1.0 Inside Wall - Ymax = 700
  50  700 0
  100  700 0
  100  700 -50
  50  700 -50
  0.0  -500.0  0.0
4 2 4 3 1.0 Inside Wall - Xmin = 50
  50  700 0
  50  650 0
  50  650 -50
  50  700 -50
  0.0  -500.0  0.0
4 2 4 3 1.0 Inside Wall - Xmax = 100
  100  700 0
  100  650 0
  100  650 -50
  100  700 -50
  0.0  -500.0  0.0
4 2 4 3 1.0 Inside Wall - Ymax = 700
  150  700 0
  200  700 0
  200  700 -50
  150  700 -50
  0.0  -500.0  0.0
4 2 4 3 1.0 Inside Wall - Xmin = 150
  150  700 0
  150  650 0
  150  650 -50
  150  700 -50
  0.0  -500.0  0.0
4 2 4 3 1.0 Inside Wall - Xmax = 200
  200  700 0
  200  650 0
  200  650 -50
  200  700 -50
  0.0  -500.0  0.0
4 2 4 3 1.0 Inside Wall - Ymax = 700
  250  700 0
  300  700 0
  300  700 -50
  250  700 -50
  0.0  -500.0  0.0
4 2 4 3 1.0 Inside Wall - Xmin = 250
  250  700 0
  250  650 0
  250  650 -50
  250  700 -50
  0.0  -500.0  0.0
4 2 4 3 1.0 Inside Wall - Xmax = 300
  300  700 0
  300  650 0
  300  650 -50
  300  700 -50
  0.0  -500.0  0.0
4 2 4 3 1.0 Inside Wall - Ymax = 700
  300  700 0
  350  700 0
  350  700 -50
  300  700 -50
  0.0  -500.0  0.0
4 2 4 3 1.0 Inside Wall - Xmax = 350
  350  700 0
  350  650 0
  350  650 -50
  350  700 -50
  0.0  -500.0  0.0
4 2 4 3 1.0 Inside Wall - Ymax = 700
  350  700 0
  400  700 0
  400  700 -50
  350  700 -50
  0.0  -500.0  0.0
4 2 4 3 1.0 Inside Wall - Xmax = 400
  400  700 0
  400  650 0
  400  650 -50
  400  700 -50
  0.0  -500.0  0.0
4 2 4 3 1.0 Inside Wall - Ymax = 700
  450  700 0
  500  700 0
  500  700 -50
  450  700 -50
  0.0  -500.0  0.0
4 2 4 3 1.0 Inside Wall - Xmin = 450
  450  700 0
  450  650 0
  450  650 -50
  450  700 -50
  0.0  -500.0  0.0
4 2 4 3 1.0 Inside Wall - Xmax = 500
  500  700 0
  500  650 0
  500  650 -50
  500  700 -50
  0.0  -500.0  0.0
4 2 4 3 1.0 Inside Wall - Ymax = 700
  550  700 0
  600  700 0
  600  700 -50
  550  700 -50
  0.0  -500.0  0.0
4 2 4 3 1.0 Inside Wall - Xmin = 550
  550  700 0
  550  650 0
  550  650 -50
  550  700 -50
  0.0  -500.0  0.0
4 2 4 3 1.0 Inside Wall - Xmax = 600
  600  700 0
  600  650 0
  600  650 -50
  600  700 -50
  0.0  -500.0  0.0
4 2 4 3 1.0 Inside Wall - Ymax = 700
  650  700 0
  700  700 0
  700  700 -50
  650  700 -50
  0.0  -500.0  0.0
4 2 4 3 1.0 Inside Wall - Xmin = 650
  650  700 0
  650  650 0
  650  650 -50
  650  700 -50
  0.0  -500.0  0.0
4 2 4 3 1.0 Inside Wall - Xmax = 700
  700  700 0
  700  650 0
  700  650 -50
  700  700 -50
  0.0  -500.0  0.0
4 2 4 3 1.0 Inside Wall - Ymax = 700
  750  700 0
  800  700 0
  800  700 -50
  750  700 -50
  0.0  -500.0  0.0
4 2 4 3 1.0 Inside Wall - Xmin = 750
  750  700 0
  750  650 0
  750  650 -50
  750  700 -50
  0.0  -500.0  0.0
4 2 4 3 1.0 Inside Wall - Xmax = 800
  800  700 0
  800  650 0
  800  650 -50
  800  700 -50
  0.0  -500.0  0.0
4 2 4 3 1.0 Inside Wall - Ymax = 700
  800  700 0
  850  700 0
  850  700 -50
  800  700 -50
  0.0  -500.0  0.0
4 2 4 3 1.0 Inside Wall - Xmax = 850
  850  700 0
  850  650 0
  850  650 -50
  850  700 -50
  0.0  -500.0  0.0
4 2 4 3 1.0 Inside Wall - Ymax = 700
  850  700 0
  900  700 0
  900  700 -50
  850  700 -50
  0.0  -500.0  0.0
4 2 4 3 1.0 Inside Wall - Xmax = 900
  900  700 0
  900  650 0
  900  650 -50
  900  700 -50
  0.0  -500.0  0.0
4 2 5 3 1.0 Outside Wall - Xmax = 1000
  1000  700 0
  1000  650 0
  1000  650 -50
  1000  700 -50
  0.0  -500.0  0.0
4 2 5 3 1.0 Outside Wall - Xmin = 0
  0  750 0
  0  700 0
  0  700 -50
  0  750 -50
  0.0  -500.0  0.0
4 2 4 3 1.0 Inside Wall - Ymax = 750
  50  750 0
  100  750 0
  100  750 -50
  50  750 -50
  0.0  -500.0  0.0
4 2 4 3 1.0 Inside Wall - Xmin = 50
  50  750 0
  50  700 0
  50  700 -50
  50  750 -50
  0.0  -500.0  0.0
4 2 4 3 1.0 Inside Wall - Xmax = 100
  100  750 0
  100  700 0
  100  700 -50
  100  750 -50
  0.0  -500.0  0.0
4 2 4 3 1.0 Inside Wall - Ymax = 750
  300  750 0
  350  750 0
  350  750 -50
  300  750 -50
  0.0  -500.0  0.0
4 2 4 3 1.0 Inside Wall - Xmin = 300
  300  750 0
  300  700 0
  300  700 -50
  300  750 -50
  0.0  -500.0  0.0
4 2 4 3 1.0 Inside Wall - Xmax = 350
  350  750 0
  350  700 0
  350  700 -50
  350  750 -50
  0.0  -500.0  0.0
4 2 4 3 1.0 Inside Wall - Ymax = 750
  350  750 0
  400  750 0
  400  750 -50
  350  750 -50
  0.0  -500.0  0.0
4 2 4 3 1.0 Inside Wall - Xmax = 400
  400  750 0
  400  700 0
  400  700 -50
  400  750 -50
  0.0  -500.0  0.0
4 2 4 3 1.0 Inside Wall - Ymax = 750
  450  750 0
  500  750 0
  500  750 -50
  450  750 -50
  0.0  -500.0  0.0
4 2 4 3 1.0 Inside Wall - Xmin = 450
  450  750 0
  450  700 0
  450  700 -50
  450  750 -50
  0.0  -500.0  0.0
4 2 4 3 1.0 Inside Wall - Xmax = 500
  500  750 0
  500  700 0
  500  700 -50
  500  750 -50
  0.0  -500.0  0.0
4 2 4 3 1.0 Inside Wall - Ymax = 750
  550  750 0
  600  750 0
  600  750 -50
  550  750 -50
  0.0  -500.0  0.0
4 2 4 3 1.0 Inside Wall - Xmin = 550
  550  750 0
  550  700 0
  550  700 -50
  550  750 -50
  0.0  -500.0  0.0
4 2 4 3 1.0 Inside Wall - Xmax = 600
  600  750 0
  600  700 0
  600  700 -50
  600  750 -50
  0.0  -500.0  0.0
4 2 4 3 1.0 Inside Wall - Ymax = 750
  800  750 0
  850  750 0
  850  750 -50
  800  750 -50
  0.0  -500.0  0.0
4 2 4 3 1.0 Inside Wall - Xmin = 800
  800  750 0
  800  700 0
  800  700 -50
  800  750 -50
  0.0  -500.0  0.0
4 2 4 3 1.0 Inside Wall - Xmax = 850
  850  750 0
  850  700 0
  850  700 -50
  850  750 -50
  0.0  -500.0  0.0
4 2 4 3 1.0 Inside Wall - Ymax = 750
  850  750 0
  900  750 0
  900  750 -50
  850  750 -50
  0.0  -500.0  0.0
4 2 4 3 1.0 Inside Wall - Xmax = 900
  900  750 0
  900  700 0
  900  700 -50
  900  750 -50
  0.0  -500.0  0.0
4 2 5 3 1.0 Outside Wall - Xmax = 1000
  1000  750 0
  1000  700 0
  1000  700 -50
  1000  750 -50
  0.0  -500.0  0.0
4 2 5 3 1.0 Outside Wall - Xmin = 0
  0  800 0
  0  750 0
  0  750 -50
  0  800 -50
  0.0  -500.0  0.0
4 2 4 3 1.0 Inside Wall - Ymax = 800
  50  800 0
  100  800 0
  100  800 -50
  50  800 -50
  0.0  -500.0  0.0
4 2 4 3 1.0 Inside Wall - Xmin = 50
  50  800 0
  50  750 0
  50  750 -50
  50  800 -50
  0.0  -500.0  0.0
4 2 4 3 1.0 Inside Wall - Xmax = 100
  100  800 0
  100  750 0
  100  750 -50
  100  800 -50
  0.0  -500.0  0.0
4 2 4 3 1.0 Inside Wall - Ymin = 750
  200  750 0
  250  750 0
  250  750 -50
  200  750 -50
  0.0  -500.0  0.0
4 2 4 3 1.0 Inside Wall - Ymax = 800
  200  800 0
  250  800 0
  250  800 -50
  200  800 -50
  0.0  -500.0  0.0
4 2 4 3 1.0 Inside Wall - Xmin = 200
  200  800 0
  200  750 0
  200  750 -50
  200  800 -50
  0.0  -500.0  0.0
4 2 4 3 1.0 Inside Wall - Xmax = 250
  250  800 0
  250  750 0
  250  750 -50
  250  800 -50
  0.0  -500.0  0.0
4 2 4 3 1.0 Inside Wall - Ymax = 800
  450  800 0
  500  800 0
  500  800 -50
  450  800 -50
  0.0  -500.0  0.0
4 2 4 3 1.0 Inside Wall - Xmin = 450
  450  800 0
  450  750 0
  450  750 -50
  450  800 -50
  0.0  -500.0  0.0
4 2 4 3 1.0 Inside Wall - Xmax = 500
  500  800 0
  500  750 0
  500  750 -50
  500  800 -50
  0.0  -500.0  0.0
4 2 4 3 1.0 Inside Wall - Ymin = 750
  700  750 0
  750  750 0
  750  750 -50
  700  750 -50
  0.0  -500.0  0.0
4 2 4 3 1.0 Inside Wall - Ymax = 800
  700  800 0
  750  800 0
  750  800 -50
  700  800 -50
  0.0  -500.0  0.0
4 2 4 3 1.0 Inside Wall - Xmin = 700
  700  800 0
  700  750 0
  700  750 -50
  700  800 -50
  0.0  -500.0  0.0
4 2 4 3 1.0 Inside Wall - Xmax = 750
  750  800 0
  750  750 0
  750  750 -50
  750  800 -50
  0.0  -500.0  0.0
4 2 5 3 1.0 Outside Wall - Xmax = 1000
  1000  800 0
  1000  750 0
  1000  750 -50
  1000  800 -50
  0.0  -500.0  0.0
4 2 5 3 1.0 Outside Wall - Xmin = 0
  0  850 0
  0  800 0
  0  800 -50
  0  850 -50
  0.0  -500.0  0.0
4 2 4 3 1.0 Inside Wall - Ymax = 850
  50  850 0
  100  850 0
  100  850 -50
  50  850 -50
  0.0  -500.0  0.0
4 2 4 3 1.0 Inside Wall - Xmin = 50
  50  850 0
  50  800 0
  50  800 -50
  50  850 -50
  0.0  -500.0  0.0
4 2 4 3 1.0 Inside Wall - Xmax = 100
  100  850 0
  100  800 0
  100  800 -50
  100  850 -50
  0.0  -500.0  0.0
4 2 4 3 1.0 Inside Wall - Ymin = 800
  100  800 0
  150  800 0
  150  800 -50
  100  800 -50
  0.0  -500.0  0.0
4 2 4 3 1.0 Inside Wall - Ymax = 850
  100  850 0
  150  850 0
  150  850 -50
  100  850 -50
  0.0  -500.0  0.0
4 2 4 3 1.0 Inside Wall - Xmax = 150
  150  850 0
  150  800 0
  150  800 -50
  150  850 -50
  0.0  -500.0  0.0
4 2 4 3 1.0 Inside Wall - Ymin = 800
  150  800 0
  200  800 0
  200  800 -50
  150  800 -50
  0.0  -500.0  0.0
4 2 4 3 1.0 Inside Wall - Ymax = 850
  150  850 0
  200  850 0
  200  850 -50
  150  850 -50
  0.0  -500.0  0.0
4 2 4 3 1.0 Inside Wall - Xmax = 200
  200  850 0
  200  800 0
  200  800 -50
  200  850 -50
  0.0  -500.0  0.0
4 2 4 3 1.0 Inside Wall - Ymax = 850
  200  850 0
  250  850 0
  250  850 -50
  200  850 -50
  0.0  -500.0  0.0
4 2 4 3 1.0 Inside Wall - Xmax = 250
  250  850 0
  250  800 0
  250  800 -50
  250  850 -50
  0.0  -500.0  0.0
4 2 4 3 1.0 Inside Wall - Ymin = 800
  550  800 0
  600  800 0
  600  800 -50
  550  800 -50
  0.0  -500.0  0.0
4 2 4 3 1.0 Inside Wall - Ymax = 850
  550  850 0
  600  850 0
  600  850 -50
  550  850 -50
  0.0  -500.0  0.0
4 2 4 3 1.0 Inside Wall - Xmin = 550
  550  850 0
  550  800 0
  550  800 -50
  550  850 -50
  0.0  -500.0  0.0
4 2 4 3 1.0 Inside Wall - Xmax = 600
  600  850 0
  600  800 0
  600  800 -50
  600  850 -50
  0.0  -500.0  0.0
4 2 4 3 1.0 Inside Wall - Ymin = 800
  600  800 0
  650  800 0
  650  800 -50
  600  800 -50
  0.0  -500.0  0.0
4 2 4 3 1.0 Inside Wall - Ymax = 850
  600  850 0
  650  850 0
  650  850 -50
  600  850 -50
  0.0  -500.0  0.0
4 2 4 3 1.0 Inside Wall - Xmax = 650
  650  850 0
  650  800 0
  650  800 -50
  650  850 -50
  0.0  -500.0  0.0
4 2 4 3 1.0 Inside Wall - Ymin = 800
  650  800 0
  700  800 0
  700  800 -50
  650  800 -50
  0.0  -500.0  0.0
4 2 4 3 1.0 Inside Wall - Ymax = 850
  650  850 0
  700  850 0
  700  850 -50
  650  850 -50
  0.0  -500.0  0.0
4 2 4 3 1.0 Inside Wall - Xmax = 700
  700  850 0
  700  800 0
  700  800 -50
  700  850 -50
  0.0  -500.0  0.0
4 2 4 3 1.0 Inside Wall - Ymax = 850
  700  850 0
  750  850 0
  750  850 -50
  700  850 -50
  0.0  -500.0  0.0
4 2 4 3 1.0 Inside Wall - Xmax = 750
  750  850 0
  750  800 0
  750  800 -50
  750  850 -50
  0.0  -500.0  0.0
4 2 5 3 1.0 Outside Wall - Xmax = 1000
  1000  850 0
  1000  800 0
  1000  800 -50
  1000  850 -50
  0.0  -500.0  0.0
4 2 5 3 1.0 Outside Wall - Xmin = 0
  0  900 0
  0  850 0
  0  850 -50
  0  900 -50
  0.0  -500.0  0.0
4 2 4 3 1.0 Inside Wall - Ymax = 900
  100  900 0
  150  900 0
  150  900 -50
  100  900 -50
  0.0  -500.0  0.0
4 2 4 3 1.0 Inside Wall - Xmin = 100
  100  900 0
  100  850 0
  100  850 -50
  100  900 -50
  0.0  -500.0  0.0
4 2 4 3 1.0 Inside Wall - Xmax = 150
  150  900 0
  150  850 0
  150  850 -50
  150  900 -50
  0.0  -500.0  0.0
4 2 4 3 1.0 Inside Wall - Ymax = 900
  150  900 0
  200  900 0
  200  900 -50
  150  900 -50
  0.0  -500.0  0.0
4 2 4 3 1.0 Inside Wall - Xmax = 200
  200  900 0
  200  850 0
  200  850 -50
  200  900 -50
  0.0  -500.0  0.0
4 2 4 3 1.0 Inside Wall - Ymax = 900
  200  900 0
  250  900 0
  250  900 -50
  200  900 -50
  0.0  -500.0  0.0
4 2 4 3 1.0 Inside Wall - Xmax = 250
  250  900 0
  250  850 0
  250  850 -50
  250  900 -50
  0.0  -500.0  0.0
4 2 4 3 1.0 Inside Wall - Ymin = 850
  250  850 0
  300  850 0
  300  850 -50
  250  850 -50
  0.0  -500.0  0.0
4 2 4 3 1.0 Inside Wall - Ymax = 900
  250  900 0
  300  900 0
  300  900 -50
  250  900 -50
  0.0  -500.0  0.0
4 2 4 3 1.0 Inside Wall - Xmax = 300
  300  900 0
  300  850 0
  300  850 -50
  300  900 -50
  0.0  -500.0  0.0
4 2 4 3 1.0 Inside Wall - Ymin = 850
  300  850 0
  350  850 0
  350  850 -50
  300  850 -50
  0.0  -500.0  0.0
4 2 4 3 1.0 Inside Wall - Ymax = 900
  300  900 0
  350  900 0
  350  900 -50
  300  900 -50
  0.0  -500.0  0.0
4 2 4 3 1.0 Inside Wall - Xmax = 350
  350  900 0
  350  850 0
  350  850 -50
  350  900 -50
  0.0  -500.0  0.0
4 2 4 3 1.0 Inside Wall - Ymin = 850
  350  850 0
  400  850 0
  400  850 -50
  350  850 -50
  0.0  -500.0  0.0
4 2 4 3 1.0 Inside Wall - Ymax = 900
  350  900 0
  400  900 0
  400  900 -50
  350  900 -50
  0.0  -500.0  0.0
4 2 4 3 1.0 Inside Wall - Xmax = 400
  400  900 0
  400  850 0
  400  850 -50
  400  900 -50
  0.0  -500.0  0.0
4 2 4 3 1.0 Inside Wall - Ymin = 850
  400  850 0
  450  850 0
  450  850 -50
  400  850 -50
  0.0  -500.0  0.0
4 2 4 3 1.0 Inside Wall - Ymax = 900
  400  900 0
  450  900 0
  450  900 -50
  400  900 -50
  0.0  -500.0  0.0
4 2 4 3 1.0 Inside Wall - Xmax = 450
  450  900 0
  450  850 0
  450  850 -50
  450  900 -50
  0.0  -500.0  0.0
4 2 4 3 1.0 Inside Wall - Ymax = 900
  600  900 0
  650  900 0
  650  900 -50
  600  900 -50
  0.0  -500.0  0.0
4 2 4 3 1.0 Inside Wall - Xmin = 600
  600  900 0
  600  850 0
  600  850 -50
  600  900 -50
  0.0  -500.0  0.0
4 2 4 3 1.0 Inside Wall - Xmax = 650
  650  900 0
  650  850 0
  650  850 -50
  650  900 -50
  0.0  -500.0  0.0
4 2 4 3 1.0 Inside Wall - Ymax = 900
  650  900 0
  700  900 0
  700  900 -50
  650  900 -50
  0.0  -500.0  0.0
4 2 4 3 1.0 Inside Wall - Xmax = 700
  700  900 0
  700  850 0
  700  850 -50
  700  900 -50
  0.0  -500.0  0.0
4 2 4 3 1.0 Inside Wall - Ymax = 900
  700  900 0
  750  900 0
  750  900 -50
  700  900 -50
  0.0  -500.0  0.0
4 2 4 3 1.0 Inside Wall - Xmax = 750
  750  900 0
  750  850 0
  750  850 -50
  750  900 -50
  0.0  -500.0  0.0
4 2 4 3 1.0 Inside Wall - Ymin = 850
  800  850 0
  850  850 0
  850  850 -50
  800  850 -50
  0.0  -500.0  0.0
4 2 4 3 1.0 Inside Wall - Ymax = 900
  800  900 0
  850  900 0
  850  900 -50
  800  900 -50
  0.0  -500.0  0.0
4 2 4 3 1.0 Inside Wall - Xmin = 800
  800  900 0
  800  850 0
  800  850 -50
  800  900 -50
  0.0  -500.0  0.0
4 2 4 3 1.0 Inside Wall - Xmax = 850
  850  900 0
  850  850 0
  850  850 -50
  850  900 -50
  0.0  -500.0  0.0
4 2 4 3 1.0 Inside Wall - Ymin = 850
  850  850 0
  900  850 0
  900  850 -50
  850  850 -50
  0.0  -500.0  0.0
4 2 4 3 1.0 Inside Wall - Ymax = 900
  850  900 0
  900  900 0
  900  900 -50
  850  900 -50
  0.0  -500.0  0.0
4 2 4 3 1.0 Inside Wall - Xmax = 900
  900  900 0
  900  850 0
  900  850 -50
  900  900 -50
  0.0  -500.0  0.0
4 2 4 3 1.0 Inside Wall - Ymin = 850
  900  850 0
  950  850 0
  950  850 -50
  900  850 -50
  0.0  -500.0  0.0
4 2 4 3 1.0 Inside Wall - Ymax = 900
  900  900 0
  950  900 0
  950  900 -50
  900  900 -50
  0.0  -500.0  0.0
4 2 4 3 1.0 Inside Wall - Xmax = 950
  950  900 0
  950  850 0
  950  850 -50
  950  900 -50
  0.0  -500.0  0.0
4 2 4 3 1.0 Inside Wall - Ymin = 850
  950  850 0
  1000  850 0
  1000  850 -50
  950  850 -50
  0.0  -500.0  0.0
4 2 4 3 1.0 Inside Wall - Ymax = 900
  950  900 0
  1000  900 0
  1000  900 -50
  950  900 -50
  0.0  -500.0  0.0
4 2 5 3 1.0 Outside Wall - Xmax = 1000
  1000  900 0
  1000  850 0
  1000  850 -50
  1000  900 -50
  0.0  -500.0  0.0
4 2 5 3 1.0 Outside Wall - Xmin = 0
  0  950 0
  0  900 0
  0  900 -50
  0  950 -50
  0.0  -500.0  0.0
4 2 4 3 1.0 Inside Wall - Ymin = 900
  50  900 0
  100  900 0
  100  900 -50
  50  900 -50
  0.0  -500.0  0.0
4 2 4 3 1.0 Inside Wall - Ymax = 950
  50  950 0
  100  950 0
  100  950 -50
  50  950 -50
  0.0  -500.0  0.0
4 2 4 3 1.0 Inside Wall - Xmin = 50
  50  950 0
  50  900 0
  50  900 -50
  50  950 -50
  0.0  -500.0  0.0
4 2 4 3 1.0 Inside Wall - Xmax = 100
  100  950 0
  100  900 0
  100  900 -50
  100  950 -50
  0.0  -500.0  0.0
4 2 4 3 1.0 Inside Wall - Ymin = 900
  550  900 0
  600  900 0
  600  900 -50
  550  900 -50
  0.0  -500.0  0.0
4 2 4 3 1.0 Inside Wall - Ymax = 950
  550  950 0
  600  950 0
  600  950 -50
  550  950 -50
  0.0  -500.0  0.0
4 2 4 3 1.0 Inside Wall - Xmin = 550
  550  950 0
  550  900 0
  550  900 -50
  550  950 -50
  0.0  -500.0  0.0
4 2 4 3 1.0 Inside Wall - Xmax = 600
  600  950 0
  600  900 0
  600  900 -50
  600  950 -50
  0.0  -500.0  0.0
4 2 5 3 1.0 Outside Wall - Xmax = 1000
  1000  950 0
  1000  900 0
  1000  900 -50
  1000  950 -50
  0.0  -500.0  0.0
4 2 5 3 1.0 Outside Wall - Ymax = 1000
  0  1000 0
  50  1000 0
  50  1000 -50
  0  1000 -50
  0.0  -500.0  0.0
4 2 5 3 1.0 Outside Wall - Xmin = 0
  0  1000 0
  0  950 0
  0  950 -50
  0  1000 -50
  0.0  -500.0  0.0
4 2 5 3 1.0 Outside Wall - Ymax = 1000
  50  1000 0
  100  1000 0
  100  1000 -50
  50  1000 -50
  0.0  -500.0  0.0
4 2 5 3 1.0 Outside Wall - Ymax = 1000
  100  1000 0
  150  1000 0
  150  1000 -50
  100  1000 -50
  0.0  -500.0  0.0
4 2 5 3 1.0 Outside Wall - Ymax = 1000
  150  1000 0
  200  1000 0
  200  1000 -50
  150  1000 -50
  0.0  -500.0  0.0
4 2 5 3 1.0 Outside Wall - Ymax = 1000
  200  1000 0
  250  1000 0
  250  1000 -50
  200  1000 -50
  0.0  -500.0  0.0
4 2 5 3 1.0 Outside Wall - Ymax = 1000
  250  1000 0
  300  1000 0
  300  1000 -50
  250  1000 -50
  0.0  -500.0  0.0
4 2 5 3 1.0 Outside Wall - Ymax = 1000
  300  1000 0
  350  1000 0
  350  1000 -50
  300  1000 -50
  0.0  -500.0  0.0
4 2 5 3 1.0 Outside Wall - Ymax = 1000
  350  1000 0
  400  1000 0
  400  1000 -50
  350  1000 -50
  0.0  -500.0  0.0
4 2 5 3 1.0 Outside Wall - Ymax = 1000
  400  1000 0
  450  1000 0
  450  1000 -50
  400  1000 -50
  0.0  -500.0  0.0
4 2 5 3 1.0 Outside Wall - Ymax = 1000
  450  1000 0
  500  1000 0
  500  1000 -50
  450  1000 -50
  0.0  -500.0  0.0
4 2 5 3 1.0 Outside Wall - Ymax = 1000
  500  1000 0
  550  1000 0
  550  1000 -50
  500  1000 -50
  0.0  -500.0  0.0
4 2 5 3 1.0 Outside Wall - Ymax = 1000
  550  1000 0
  600  1000 0
  600  1000 -50
  550  1000 -50
  0.0  -500.0  0.0
4 2 5 3 1.0 Outside Wall - Ymax = 1000
  600  1000 0
  650  1000 0
  650  1000 -50
  600  1000 -50
  0.0  -500.0  0.0
4 2 5 3 1.0 Outside Wall - Ymax = 1000
  650  1000 0
  700  1000 0
  700  1000 -50
  650  1000 -50
  0.0  -500.0  0.0
4 2 5 3 1.0 Outside Wall - Ymax = 1000
  700  1000 0
  750  1000 0
  750  1000 -50
  700  1000 -50
  0.0  -500.0  0.0
4 2 5 3 1.0 Outside Wall - Ymax = 1000
  750  1000 0
  800  1000 0
  800  1000 -50
  750  1000 -50
  0.0  -500.0  0.0
4 2 5 3 1.0 Outside Wall - Ymax = 1000
  800  1000 0
  850  1000 0
  850  1000 -50
  800  1000 -50
  0.0  -500.0  0.0
4 2 5 3 1.0 Outside Wall - Ymax = 1000
  850  1000 0
  900  1000 0
  900  1000 -50
  850  1000 -50
  0.0  -500.0  0.0
4 2 5 3 1.0 Outside Wall - Ymax = 1000
  900  1000 0
  950  1000 0
  950  1000 -50
  900  1000 -50
  0.0  -500.0  0.0
4 2 5 3 1.0 Outside Wall - Ymax = 1000
  950  1000 0
  1000  1000 0
  1000  1000 -50
  950  1000 -50
  0.0  -500.0  0.0
4 2 5 3 1.0 Outside Wall - Xmax = 1000
  1000  1000 0
  1000  950 0
  1000  950 -50
  1000  1000 -50
  0.0  -500.0  0.0
